  51      10.68
  52      10.36
  53      10.68
  54      10.36
  55      10.68
  56      10.36
  57      10.68
  58      10.36
  59      11.34
  60      11.01
  61      11.34
  62      11.01
  63      11.34
  64      11.01
  65      11.34
  66      11.69
  67      11.34
  68      11.69
  69      12.79
  70      13.18
  71      12.79
  72      13.18
  73      13.58
  74      13.99
  75      13.58
  76      13.99
  77      13.58
  78      13.18
  79      13.58
  80      13.18
  81      13.58
  82      13.18
  83      12.79
  84      12.41
  85      12.79
  86      12.41
  87      12.79
  88      13.18
  89      12.79
  90      12.41
  91      12.79
  92      12.41
  93      12.79
  94      12.41
  95      12.04
  96      12.41
  97      12.04
  98      11.69
  99      12.04
 100      11.69
 101      11.34
 102      11.69
 103      11.34
 104      13.99
 105      14.42
 106      13.99
 107      13.58
 108      13.99
 109      16.26
 110      16.75
 111      16.26
 112      15.77
 113      16.26
 114      15.77
 115      17.26
 116      16.75
 117      16.26
 118      16.75
 119      17.26
 120      18.89
 121      19.46
 122      18.89
 123      19.46
 124      18.89
 125      18.33
 126      20.05
 127      19.46
 128      20.05
 129      19.46
 130      20.05
 131      19.46
 132      18.89
 133      19.46
 134      18.89
 135      19.46
 136      18.89
 137      19.46
 138      18.89
 139      18.33
 140      17.79
 141      17.26
 142      17.79
 143      17.26
 144      17.79
 145      17.26
 146      16.75
 147      17.26
 148      16.75
 149      17.26
 150      17.79
 151      17.26
 152      16.75
 153      16.26
 154      16.75
 155      16.26
 156      15.77
 157      15.31
 158      14.86
 159      14.42
 160      13.99
 161      14.42
 162      13.99
 163      13.58
 164      13.18
 165      13.58
 166      13.18
 167      12.79
 168      12.41
 169      12.79
 170      12.41
 171      12.04
 172      11.69
 173      12.79
 174      13.18
 175      12.79
 176      13.18
 177      12.79
 178      13.99
 179      14.42
 180      13.99
 181      13.58
 182      13.99
 183      13.58
 184      13.99
 185      13.58
 186      13.18
 187      12.79
 188      13.18
 189      12.79
 190      12.41
 191      12.04
 192      11.69
 193      12.04
 194      11.69
 195      11.34
 196      11.01
 197      11.34
 198      11.69
 199      11.34
 200      11.01
 201      11.34
 202      11.69
 203      11.34
 204      12.41
 205      12.04
 206      13.18
 207      13.58
 208      13.18
 209      12.79
 210      12.41
 211      12.79
 212      13.18
 213      12.79
 214      13.18
 215      17.26
 216      16.75
 217      17.26
 218      16.75
 219      16.26
 220      16.75
 221      16.26
 222      15.77
 223      16.26
 224      15.77
 225      15.31
 226      15.77
 227      15.31
 228      15.77
 229      16.26
 230      15.77
 231      15.31
 232      14.86
 233      14.42
 234      14.86
 235      14.42
 236      13.99
 237      13.58
 238      13.99
 239      13.58
 240      13.18
 241      13.58
 242      13.18
 243      13.58
 244      13.99
 245      13.58
 246      14.86
 247      14.42
 248      13.99
 249      13.58
 250      14.86
 251      15.31
 252      16.75
 253      17.26
 254      16.75
 255      16.26
 256      16.75
 257      16.26
 258      15.77
 259      16.26
 260      15.77
 261      15.31
 262      14.86
 263      15.31
 264      14.86
 265      14.42
 266      13.99
 267      14.42
 268      13.99
 269      13.58
 270      13.18
 271      13.58
 272      13.99
 273      13.58
 274      13.99
 275      13.58
 276      13.18
 277      14.42
 278      13.99
 279      13.58
 280      13.18
 281      12.79
 282      12.41
 283      12.79
 284      12.41
 285      12.79
 286      12.41
 287      12.04
 288      13.18
 289      13.58
 290      13.18
 291      13.58
 292      13.18
 293      12.79
 294      13.18
 295      12.79
 296      12.41
 297      12.04
 298      12.41
 299      12.04
 300      11.69
 301      11.34
 302      11.69
 303      11.34
 304      11.01
 305      10.68
 306      11.01
 307      11.34
 308      11.01
 309      11.34
 310      11.69
 311      11.34
 312      11.69
 313      11.34
 314      11.01
 315      10.68
 316      11.01
 317      10.68
 318      11.01
 319      10.68
 320      10.36
 321      10.06
 322      13.18
 323      13.58
 324      13.18
 325      12.79
 326      13.18
 327      12.79
 328      13.18
 329      13.58
 330      13.99
 331      13.58
 332      13.18
 333      13.58
 334      13.99
 335      14.42
 336      14.86
 337      14.42
 338      14.86
 339      14.42
 340      13.99
 341      14.42
 342      13.99
 343      14.42
 344      13.99
 345      13.58
 346      13.99
 347      14.42
 348      13.99
 349      13.58
 350      13.18
 351      12.79
 352      13.18
 353      12.79
 354      12.41
 355      13.58
 356      13.99
 357      13.58
 358      13.99
 359      14.42
 360      13.99
 361      14.42
 362      13.99
 363      13.58
 364      14.86
 365      14.42
 366      14.86
 367      14.42
 368      14.86
 369      16.26
 370      15.77
 371      15.31
 372      15.77
 373      15.31
 374      14.86
 375      15.31
 376      14.86
 377      14.42
 378      13.99
 379      14.42
 380      13.99
 381      14.42
 382      13.99
 383      13.58
 384      13.18
 385      13.58
 386      13.18
 387      12.79
 388      12.41
 389      12.79
 390      12.41
 391      12.04
 392      12.41
 393      12.04
 394      11.69
 395      11.34
 396      11.01
 397      10.68
 398      11.69
 399      11.34
 400      11.01
 401      11.34
 402      11.01
 403      10.68
 404      11.01
 405      11.34
 406      11.01
 407      11.34
 408      11.01
 409      11.34
 410      11.69
 411      11.34
 412      11.01
 413      11.34
 414      11.01
 415      10.68
 416      10.36
 417      12.79
 418      13.99
 419      13.58
 420      13.18
 421      12.79
 422      13.18
 423      12.79
 424      13.18
 425      12.79
 426      13.18
 427      12.79
 428      13.18
 429      12.79
 430      12.41
 431      12.04
 432      12.41
 433      12.04
 434      12.41
 435      12.04
 436      11.69
 437      11.34
 438      11.69
 439      11.34
 440      11.01
 441      11.34
 442      11.01
 443      11.34
 444      11.01
 445      10.68
 446      11.01
 447      11.34
 448      11.69
 449      11.34
 450      11.69
 451      11.34
 452      11.01
 453      11.34
 454      11.01
 455      11.34
 456      11.01
 457      11.34
 458      11.01
 459      10.68
 460      11.01
 461      10.68
 462      11.01
 463      10.68
 464      13.18
 465      12.79
 466      13.18
 467      13.58
 468      13.99
 469      13.58
 470      13.18
 471      12.79
 472      13.18
 473      14.42
 474      13.99
 475      13.58
 476      13.99
 477      13.58
 478      13.18
 479      12.79
 480      13.18
 481      12.79
 482      12.41
 483      12.04
 484      12.41
 485      12.04
 486      12.41
 487      12.79
 488      12.41
 489      12.79
 490      13.18
 491      13.58
 492      13.18
 493      14.42
 494      13.99
 495      16.26
 496      15.77
 497      16.26
 498      15.77
 499      15.31
 500      15.77
 501      16.26
 502      15.77
 503      16.26
 504      16.75
 505      16.26
 506      15.77
 507      16.26
 508      15.77
 509      15.31
 510      15.77
 511      16.26
 512      16.75
 513      16.26
 514      15.77
 515      15.31
 516      14.86
 517      15.31
 518      14.86
 519      16.26
 520      15.77
 521      16.26
 522      15.77
 523      15.31
 524      16.75
 525      18.33
 526      17.79
 527      17.26
 528      16.75
 529      17.26
 530      16.75
 531      17.26
 532      16.75
 533      16.26
 534      18.89
 535      18.33
 536      17.79
 537      18.33
 538      17.79
 539      18.33
 540      17.79
 541      17.26
 542      16.75
 543      17.26
 544      16.75
 545      16.26
 546      18.89
 547      18.33
 548      18.89
 549      18.33
 550      18.89
 551      18.33
 552      17.79
 553      17.26
 554      17.79
 555      17.26
 556      16.75
 557      17.26
 558      16.75
 559      16.26
 560      15.77
 561      15.31
 562      15.77
 563      16.26
 564      15.77
 565      16.26
 566      15.77
 567      15.31
 568      14.86
 569      14.42
 570      14.86
 571      14.42
 572      13.99
 573      13.58
 574      13.99
 575      13.58
 576      13.99
 577      14.42
 578      13.99
 579      13.58
 580      13.18
 581      12.79
 582      13.18
 583      12.79
 584      12.41
 585      12.79
 586      13.18
 587      12.79
 588      12.41
 589      12.79
 590      12.41
 591      12.04
 592      12.41
 593      12.04
 594      11.69
 595      11.34
 596      12.41
 597      12.04
 598      11.69
 599      11.34
 600      11.69
 601      12.04
 602      11.69
 603      11.34
 604      11.01
 605      10.68
 606      11.01
 607      10.68
 608      10.36
 609      10.68
 610      10.36
 611      10.68
 612      10.36
 613      10.06
 614      10.36
 615      10.06
 616      10.36
 617      10.06
 618       9.76
 619      10.06
 620       9.76
 621      10.06
 622      10.36
 623      11.34
 624      11.01
 625      10.68
 626      11.01
 627      10.68
 628      11.01
 629      10.68
 630      11.01
 631      10.68
 632      10.36
 633      10.68
 634      11.01
 635      10.68
 636      11.01
 637      10.68
 638      11.69
 639      12.04
 640      11.69
 641      12.04
 642      11.69
 643      11.34
 644      11.01
 645      11.34
 646      11.69
 647      12.04
 648      11.69
 649      16.26
 650      16.75
 651      16.26
 652      16.75
 653      17.26
 654      16.75
 655      17.26
 656      16.75
 657      17.26
 658      16.75
 659      16.26
 660      15.77
 661      16.26
 662      15.77
 663      15.31
 664      14.86
 665      14.42
 666      14.86
 667      14.42
 668      13.99
 669      13.58
 670      13.18
 671      13.58
 672      13.18
 673      13.58
 674      13.18
 675      14.42
 676      13.99
 677      13.58
 678      13.18
 679      13.58
 680      13.99
 681      13.58
 682      13.99
 683      13.58
 684      13.18
 685      12.79
 686      13.18
 687      12.79
 688      13.18
 689      13.58
 690      13.99
 691      13.58
 692      13.99
 693      13.58
 694      13.99
 695      13.58
 696      13.99
 697      14.42
 698      16.75
 699      16.26
 700      16.75
 701      16.26
 702      15.77
 703      15.31
 704      15.77
 705      15.31
 706      15.77
 707      16.26
 708      15.77
 709      16.26
 710      15.77
 711      16.26
 712      15.77
 713      15.31
 714      16.75
 715      17.26
 716      16.75
 717      17.26
 718      16.75
 719      16.26
 720      16.75
 721      16.26
 722      15.77
 723      16.26
 724      15.77
 725      15.31
 726      14.86
 727      15.31
 728      14.86
 729      14.42
 730      14.86
 731      15.31
 732      14.86
 733      19.46
 734      20.05
 735      20.66
 736      20.05
 737      19.46
 738      20.05
 739      20.66
 740      20.05
 741      21.94
 742      21.29
 743      21.94
 744      22.61
 745      21.94
 746      24.01
 747      23.30
 748      25.49
 749      24.74
 750      24.01
 751      24.74
 752      24.01
 753      23.30
 754      22.61
 755      21.94
 756      22.61
 757      23.30
 758      22.61
 759      23.30
 760      22.61
 761      21.94
 762      22.61
 763      21.94
 764      21.29
 765      21.94
 766      22.61
 767      21.94
 768      21.29
 769      21.94
 770      22.61
 771      21.94
 772      21.29
 773      23.30
 774      24.01
 775      23.30
 776      24.01
 777      24.74
 778      25.49
 779      24.74
 780      24.01
 781      23.30
 782      22.61
 783      23.30
 784      22.61
 785      23.30
 786      22.61
 787      23.30
 788      24.01
 789      23.30
 790      22.61
 791      21.94
 792      21.29
 793      21.94
 794      21.29
 795      20.66
 796      20.05
 797      19.46
 798      18.89
 799      19.46
 800      18.89
 801      19.46
 802      18.89
 803      18.33
 804      17.79
 805      17.26
 806      17.79
 807      19.46
 808      20.05
 809      19.46
 810      18.89
 811      19.46
 812      18.89
 813      18.33
 814      17.79
 815      19.46
 816      18.89
 817      19.46
 818      18.89
 819      18.33
 820      17.79
 821      19.46
 822      18.89
 823      18.33
 824      17.79
 825      18.33
 826      18.89
 827      18.33
 828      18.89
 829      18.33
 830      17.79
 831      17.26
 832      16.75
 833      17.26
 834      16.75
 835      16.26
 836      15.77
 837      15.31
 838      16.75
 839      16.26
 840      15.77
 841      15.31
 842      14.86
 843      16.26
 844      17.79
 845      17.26
 846      16.75
 847      16.26
 848      16.75
 849      16.26
 850      15.77
 851      15.31
 852      14.86
 853      15.31
 854      14.86
 855      15.31
 856      14.86
 857      14.42
 858      13.99
 859      13.58
 860      13.18
 861      13.58
 862      13.18
 863      12.79
 864      12.41
 865      12.79
 866      12.41
 867      12.79
 868      12.41
 869      12.79
 870      12.41
 871      12.79
 872      12.41
 873      12.04
 874      11.69
 875      11.34
 876      11.69
 877      11.34
 878      11.69
 879      12.04
 880      11.69
 881      12.04
 882      12.41
 883      12.04
 884      12.41
 885      12.04
 886      12.41
 887      12.04
 888      11.69
 889      12.04
 890      11.69
 891      11.34
 892      11.69
 893      11.34
 894      11.01
 895      11.34
 896      11.69
 897      12.04
 898      16.75
 899      16.26
 900      16.75
 901      20.66
 902      20.05
 903      20.66
 904      20.05
 905      20.66
 906      20.05
 907      20.66
 908      21.29
 909      21.94
 910      21.29
 911      20.66
 912      20.05
 913      20.66
 914      21.29
 915      21.94
 916      24.01
 917      26.27
 918      25.49
 919      29.62
 920      30.52
 921      29.62
 922      28.74
 923      31.45
 924      30.52
 925      31.45
 926      30.52
 927      29.62
 928      30.52
 929      29.62
 930      28.74
 931      29.62
 932      28.74
 933      27.89
 934      28.74
 935      27.89
 936      28.74
 937      27.89
 938      27.07
 939      26.27
 940      25.49
 941      26.27
 942      25.49
 943      24.74
 944      25.49
 945      26.27
 946      25.49
 947      24.74
 948      25.49
 949      24.74
 950      24.01
 951      24.74
 952      24.01
 953      23.30
 954      24.01
 955      23.30
 956      24.01
 957      23.30
 958      22.61
 959      24.74
 960      24.01
 961      24.74
 962      24.01
 963      24.74
 964      24.01
 965      23.30
 966      25.49
 967      24.74
 968      25.49
 969      24.74
 970      24.01
 971      26.27
 972      25.49
 973      24.74
 974      25.49
 975      26.27
 976      27.07
 977      27.89
 978      27.07
 979      26.27
 980      25.49
 981      26.27
 982      25.49
 983      26.27
 984      25.49
 985      24.74
 986      24.01
 987      24.74
 988      25.49
 989      24.74
 990      25.49
 991      26.27
 992      27.07
 993      26.27
 994      25.49
 995      26.27
 996      28.74
 997      29.62
 998      28.74
 999      27.89
1000      27.07
1001      27.89
1002      28.74
1003      27.89
1004      28.74
1005      27.89
1006      27.07
1007      26.27
1008      25.49
1009      26.27
1010      25.49
1011      24.74
1012      25.49
1013      24.74
1014      25.49
1015      24.74
1016      28.74
1017      29.62
1018      28.74
1019      31.45
1020      30.52
1021      31.45
1022      32.41
1023      33.40
1024      34.41
1025      33.40
1026      34.41
1027      33.40
1028      34.41
1029      35.46
1030      36.54
1031      35.46
1032      34.41
1033      35.46
1034      34.41
1035      33.40
1036      32.41
1037      33.40
1038      32.41
1039      31.45
1040      30.52
1041      29.62
1042      30.52
1043      29.62
1044      28.74
1045      27.89
1046      28.74
1047      27.89
1048      27.07
1049      26.27
1050      27.07
1051      27.89
1052      27.07
1053      27.89
1054      27.07
1055      26.27
1056      25.49
1057      24.74
1058      24.01
1059      23.30
1060      24.01
1061      23.30
1062      22.61
1063      21.94
1064      21.29
1065      20.66
1066      20.05
1067      19.46
1068      20.05
1069      19.46
1070      18.89
1071      18.33
1072      18.89
1073      18.33
1074      18.89
1075      18.33
1076      17.79
1077      18.33
1078      17.79
1079      17.26
1080      16.75
1081      17.26
1082      16.75
1083      16.26
1084      15.77
1085      15.31
1086      14.86
1087      15.31
1088      14.86
1089      14.42
1090      14.86
1091      14.42
1092      13.99
1093      14.42
1094      13.99
1095      13.58
1096      13.99
1097      14.42
1098      14.86
1099      15.31
1100      14.86
1101      14.42
1102      13.99
1103      14.42
1104      13.99
1105      13.58
1106      13.18
1107      13.58
1108      13.18
1109      12.79
1110      13.18
1111      12.79
1112      12.41
1113      12.79
1114      12.41
1115      13.58
1116      13.18
1117      12.79
1118      13.18
1119      12.79
1120      12.41
1121      12.04
1122      12.41
1123      12.79
1124      12.41
1125      12.04
1126      11.69
1127      12.04
1128      13.99
1129      14.42
1130      15.77
1131      16.26
1132      16.75
1133      16.26
1134      15.77
1135      16.26
1136      16.75
1137      16.26
1138      15.77
1139      16.26
1140      15.77
1141      15.31
1142      14.86
1143      14.42
1144      13.99
1145      14.42
1146      13.99
1147      13.58
1148      14.86
1149      14.42
1150      14.86
1151      14.42
1152      14.86
1153      18.33
1154      17.79
1155      18.33
1156      17.79
1157      17.26
1158      17.79
1159      17.26
1160      18.89
1161      18.33
1162      17.79
1163      18.33
1164      17.79
1165      17.26
1166      16.75
1167      17.26
1168      16.75
1169      16.26
1170      16.75
1171      16.26
1172      15.77
1173      15.31
1174      14.86
1175      15.31
1176      14.86
1177      14.42
1178      14.86
1179      14.42
1180      14.86
1181      16.26
1182      15.77
1183      17.26
1184      17.79
1185      17.26
1186      16.75
1187      17.26
1188      16.75
1189      17.26
1190      16.75
1191      16.26
1192      15.77
1193      16.26
1194      20.05
1195      20.66
1196      20.05
1197      19.46
1198      20.05
1199      19.46
1200      18.89
1201      18.33
1202      18.89
1203      19.46
1204      18.89
1205      18.33
1206      17.79
1207      18.33
1208      17.79
1209      17.26
1210      16.75
1211      16.26
1212      15.77
1213      16.26
1214      15.77
1215      15.31
1216      16.75
1217      17.26
1218      16.75
1219      17.26
1220      16.75
1221      16.26
1222      17.79
1223      17.26
1224      16.75
1225      17.26
1226      17.79
1227      17.26
1228      17.79
1229      18.33
1230      17.79
1231      17.26
1232      17.79
1233      17.26
1234      16.75
1235      16.26
1236      16.75
1237      16.26
1238      16.75
1239      16.26
1240      15.77
1241      15.31
1242      14.86
1243      15.31
1244      14.86
1245      14.42
1246      15.77
1247      17.26
1248      17.79
1249      17.26
1250      16.75
1251      17.26
1252      16.75
1253      16.26
1254      15.77
1255      16.26
1256      15.77
1257      15.31
1258      14.86
