  51       0.12
  52       0.63
  53       0.95
  54      -0.69
  55      -1.01
  56      -1.21
  57       0.39
  58       2.65
  59      -0.66
  60      -1.27
  61       0.36
  62       1.10
  63       0.55
  64      -2.05
  65      -1.39
  66      -0.26
  67      -1.55
  68      -2.77
  69       0.81
  70       1.31
  71      -0.97
  72       1.54
  73       2.00
  74       0.40
  75      -0.64
  76       0.02
  77       0.54
  78       0.87
  79       0.74
  80      -1.08
  81       0.01
  82       0.36
  83       1.01
  84      -1.24
  85      -0.79
  86      -1.61
  87      -0.14
  88      -0.65
  89      -1.06
  90      -0.72
  91       0.38
  92      -1.51
  93      -0.50
  94       0.59
  95      -0.42
  96      -0.69
  97       0.92
  98      -0.15
  99       0.15
 100       0.94
 101      -0.90
 102      -0.24
 103      -3.65
 104      -1.65
 105      -0.99
 106      -0.14
 107      -0.35
 108       3.77
 109       0.63
 110       0.18
 111      -0.69
 112       1.24
 113      -0.76
 114       1.87
 115       1.22
 116      -0.12
 117       1.61
 118       0.55
 119      -3.10
 120       0.00
 121      -0.86
 122       1.20
 123       0.79
 124      -0.10
 125       2.57
 126      -0.21
 127       0.90
 128      -0.65
 129      -0.73
 130      -1.08
 131      -0.53
 132       1.29
 133      -0.25
 134       1.34
 135      -0.40
 136       0.67
 137       0.46
 138       0.00
 139      -0.26
 140      -0.77
 141      -0.68
 142       0.70
 143       1.38
 144       0.95
 145       0.12
 146      -0.77
 147       0.06
 148      -1.13
 149       1.78
 150      -0.10
 151       0.50
 152       0.39
 153      -0.09
 154       0.26
 155      -0.33
 156       0.07
 157      -0.24
 158       0.81
 159      -0.33
 160      -0.58
 161      -0.62
 162       0.35
 163      -0.56
 164       1.02
 165      -0.41
 166       0.49
 167      -0.29
 168      -1.02
 169       0.14
 170      -0.27
 171       0.32
 172       2.58
 173       1.30
 174      -0.59
 175       0.20
 176      -0.10
 177       2.33
 178       1.33
 179      -0.46
 180      -0.32
 181      -1.38
 182       1.19
 183       0.51
 184      -0.05
 185      -0.18
 186      -0.67
 187       0.77
 188      -0.46
 189       0.47
 190      -0.12
 191      -0.03
 192       0.77
 193       0.47
 194       0.19
 195      -0.83
 196      -1.72
 197       0.21
 198      -0.20
 199       0.74
 200       1.37
 201       1.53
 202       0.14
 203      -1.99
 204       0.05
 205      -2.87
 206      -0.40
 207       0.71
 208       0.25
 209       0.76
 210       0.60
 211      -1.80
 212       0.48
 213       1.34
 214      -4.51
 215      -1.16
 216       0.15
 217       0.12
 218      -0.92
 219      -0.45
 220       0.08
 221       0.35
 222       1.42
 223      -0.19
 224       0.58
 225       1.28
 226      -0.53
 227      -1.48
 228       0.87
 229       0.02
 230       0.02
 231      -0.62
 232      -0.51
 233       0.68
 234       0.33
 235       0.75
 236      -0.24
 237       0.77
 238       0.59
 239      -1.13
 240      -0.67
 241       1.05
 242       0.94
 243      -1.46
 244       0.58
 245      -2.19
 246      -0.38
 247       0.19
 248      -0.27
 249      -2.37
 250       1.82
 251       2.59
 252      -0.17
 253       0.42
 254      -1.10
 255       0.62
 256      -0.36
 257       1.06
 258       0.57
 259      -0.03
 260      -0.06
 261      -0.07
 262       0.88
 263       0.69
 264       0.14
 265      -0.26
 266       0.82
 267       0.46
 268      -0.77
 269       0.83
 270      -1.43
 271      -0.90
 272       0.09
 273      -1.16
 274       0.75
 275       0.07
 276      -2.07
 277       0.45
 278      -0.42
 279       0.23
 280       0.29
 281      -0.21
 282      -0.23
 283       1.35
 284      -0.50
 285      -0.53
 286       0.88
 287      -2.21
 288       1.11
 289       1.34
 290       0.02
 291      -0.15
 292      -0.65
 293       0.92
 294      -0.07
 295      -1.18
 296       0.37
 297       0.28
 298       0.00
 299       0.15
 300       0.87
 301      -0.71
 302      -0.91
 303      -0.29
 304       0.09
 305      -0.77
 306       1.83
 307      -0.42
 308       1.80
 309       0.70
 310      -0.71
 311       1.02
 312      -0.29
 313      -1.01
 314      -0.26
 315      -1.26
 316      -0.66
 317       0.28
 318      -0.14
 319       0.91
 320      -0.40
 321      -4.43
 322       0.17
 323      -0.71
 324       0.76
 325       1.19
 326       0.88
 327       1.70
 328       0.18
 329      -1.78
 330      -0.09
 331       0.28
 332       1.06
 333      -1.94
 334       1.45
 335       1.73
 336       0.66
 337       0.69
 338       0.64
 339      -0.80
 340      -1.11
 341      -0.04
 342       1.27
 343       0.15
 344      -0.67
 345       1.37
 346       0.94
 347       0.33
 348      -0.75
 349      -0.50
 350      -0.34
 351       1.15
 352      -0.39
 353       0.01
 354      -2.25
 355       1.27
 356      -0.83
 357      -1.47
 358       0.74
 359       1.49
 360      -0.41
 361      -0.79
 362      -0.91
 363       2.07
 364      -0.88
 365       1.13
 366       0.49
 367      -1.11
 368      -2.29
 369       0.47
 370      -1.13
 371       0.74
 372       0.77
 373       0.28
 374       0.36
 375      -0.06
 376       0.41
 377       0.07
 378       1.10
 379       0.81
 380       1.34
 381      -0.62
 382       0.54
 383       0.16
 384      -0.19
 385       0.06
 386       0.20
 387       1.22
 388       1.07
 389      -0.45
 390       0.50
 391      -0.29
 392      -0.03
 393      -0.25
 394      -1.09
 395      -0.32
 396      -0.09
 397      -1.62
 398      -1.14
 399      -0.55
 400      -0.19
 401      -0.20
 402       0.69
 403      -1.71
 404      -1.31
 405      -0.77
 406      -0.72
 407      -1.25
 408      -0.40
 409      -1.58
 410      -0.14
 411      -0.66
 412       0.94
 413       0.87
 414      -0.71
 415      -0.46
 416       3.57
 417      -2.20
 418      -0.15
 419      -0.01
 420       0.84
 421      -0.58
 422      -0.13
 423       1.13
 424      -0.30
 425       1.44
 426      -1.17
 427       0.60
 428       0.37
 429       0.37
 430       0.92
 431      -0.44
 432      -0.88
 433      -1.36
 434      -0.56
 435      -0.33
 436      -0.11
 437      -0.28
 438      -1.34
 439      -0.07
 440       0.13
 441      -0.94
 442       1.38
 443      -0.69
 444      -0.65
 445      -0.61
 446       1.49
 447       1.48
 448       1.02
 449      -1.29
 450       0.82
 451       0.27
 452       0.12
 453      -0.52
 454       1.24
 455      -0.59
 456       1.33
 457      -0.71
 458       0.43
 459       1.17
 460      -0.19
 461       1.35
 462       0.32
 463       3.78
 464      -0.14
 465       1.66
 466      -1.63
 467       0.98
 468       0.28
 469      -0.36
 470      -0.11
 471       0.84
 472       2.65
 473       0.21
 474      -0.03
 475      -0.91
 476       0.01
 477       0.40
 478       0.10
 479      -1.07
 480      -0.60
 481      -0.42
 482       0.05
 483       1.23
 484       0.38
 485      -0.75
 486       2.06
 487       0.25
 488      -0.18
 489      -1.87
 490       1.41
 491      -0.06
 492       2.41
 493      -0.53
 494       3.27
 495      -0.11
 496      -0.75
 497      -0.17
 498       0.72
 499       1.75
 500       0.60
 501      -1.15
 502       0.90
 503      -1.40
 504      -0.23
 505       0.15
 506       1.42
 507      -0.32
 508      -0.98
 509       0.79
 510      -1.97
 511       0.57
 512      -0.32
 513       0.16
 514       0.22
 515      -0.69
 516      -0.67
 517      -0.96
 518      -2.34
 519       0.07
 520       0.77
 521      -0.55
 522      -1.19
 523      -2.02
 524      -2.17
 525      -0.03
 526      -0.44
 527       0.23
 528       0.82
 529      -1.08
 530       1.39
 531       0.24
 532       0.36
 533       2.86
 534      -0.03
 535      -0.11
 536       1.35
 537      -0.31
 538       1.32
 539      -0.11
 540      -0.48
 541       0.05
 542       0.43
 543      -0.74
 544       1.01
 545      -2.75
 546      -0.03
 547       1.13
 548       0.45
 549      -1.35
 550       0.18
 551      -0.53
 552      -0.16
 553       0.84
 554       0.37
 555      -0.95
 556       0.86
 557      -0.27
 558       0.33
 559       0.28
 560      -0.22
 561       1.69
 562       1.53
 563      -0.02
 564       0.05
 565       0.22
 566      -0.02
 567      -0.60
 568      -0.64
 569       0.76
 570      -0.13
 571      -0.63
 572      -0.07
 573       1.38
 574       0.95
 575       1.50
 576       0.54
 577       0.56
 578      -0.62
 579       0.15
 580      -0.59
 581       0.50
 582       0.92
 583       0.35
 584       1.22
 585      -1.22
 586       0.71
 587       1.09
 588      -0.29
 589       0.53
 590      -0.99
 591      -0.47
 592       0.35
 593       0.17
 594      -0.10
 595      -2.07
 596      -0.05
 597       0.17
 598      -0.27
 599       1.89
 600      -0.71
 601      -0.24
 602       0.05
 603      -0.42
 604       0.30
 605      -1.09
 606      -0.85
 607       0.67
 608      -0.54
 609       0.76
 610       1.59
 611      -0.12
 612      -0.09
 613       0.76
 614      -0.43
 615       1.53
 616       0.40
 617      -0.77
 618       0.49
 619      -0.16
 620       1.90
 621       0.84
 622      -2.42
 623      -0.80
 624      -0.16
 625      -1.19
 626      -0.75
 627       1.01
 628       0.30
 629       1.49
 630       0.09
 631       0.27
 632       1.07
 633      -1.41
 634      -1.17
 635       1.37
 636      -0.40
 637       2.01
 638      -1.92
 639       0.54
 640       0.46
 641       0.59
 642       0.94
 643       0.04
 644      -1.51
 645       1.61
 646      -1.07
 647      -0.38
 648      -5.66
 649      -0.14
 650       1.28
 651      -1.88
 652       0.75
 653      -0.66
 654       1.42
 655      -0.93
 656      -0.23
 657       0.56
 658       0.00
 659      -0.06
 660       0.49
 661      -0.03
 662       0.21
 663      -0.44
 664      -0.84
 665       0.28
 666       0.96
 667      -0.12
 668       0.05
 669      -0.13
 670      -1.18
 671       0.74
 672      -0.92
 673       1.08
 674      -1.81
 675      -0.43
 676      -0.68
 677       0.27
 678      -1.55
 679       0.62
 680       1.34
 681      -0.42
 682      -0.54
 683       0.62
 684      -0.72
 685      -0.66
 686      -0.27
 687      -2.04
 688       1.51
 689      -1.23
 690      -0.45
 691      -1.48
 692       0.53
 693       0.77
 694       0.73
 695      -1.43
 696       1.51
 697      -3.25
 698      -0.23
 699      -0.81
 700      -0.30
 701      -0.35
 702       0.42
 703       0.69
 704       0.61
 705       2.13
 706      -0.56
 707       1.03
 708       0.40
 709      -0.81
 710       1.49
 711      -0.53
 712      -0.15
 713       2.48
 714      -1.42
 715      -0.72
 716       0.55
 717       1.15
 718       0.32
 719      -0.31
 720       0.13
 721      -1.04
 722      -0.75
 723       0.44
 724       0.02
 725      -0.26
 726       0.83
 727       0.23
 728       1.10
 729      -1.24
 730      -1.05
 731      -0.33
 732      -4.46
 733       1.63
 734       1.58
 735       0.62
 736      -0.48
 737      -0.47
 738      -1.79
 739      -0.27
 740      -2.35
 741       0.43
 742      -2.17
 743       0.25
 744      -0.39
 745       2.18
 746       1.59
 747       1.85
 748      -0.21
 749       0.87
 750      -0.57
 751      -0.39
 752      -0.10
 753      -0.03
 754      -0.43
 755       0.30
 756      -1.92
 757      -0.36
 758       0.71
 759       1.13
 760      -0.10
 761      -1.39
 762      -0.26
 763      -0.21
 764      -0.65
 765       1.76
 766      -0.02
 767       0.62
 768       0.81
 769      -1.54
 770       0.67
 771      -0.64
 772      -2.46
 773      -0.29
 774      -0.12
 775       1.68
 776       1.97
 777      -0.55
 778       0.61
 779      -0.60
 780       0.05
 781      -0.41
 782      -0.32
 783       1.33
 784       0.76
 785      -0.23
 786      -1.54
 787      -1.18
 788       0.36
 789      -0.69
 790       0.32
 791       0.14
 792      -0.79
 793      -0.09
 794      -0.42
 795      -0.37
 796      -0.40
 797      -0.41
 798      -1.08
 799      -0.45
 800      -0.89
 801      -0.23
 802       0.20
 803      -0.36
 804       0.95
 805      -0.74
 806       2.12
 807      -1.57
 808       0.12
 809       0.86
 810      -0.90
 811       0.33
 812      -0.54
 813      -0.76
 814       2.19
 815      -0.60
 816      -0.54
 817      -0.15
 818       0.82
 819       0.63
 820      -1.76
 821       0.57
 822       0.91
 823      -0.23
 824       1.35
 825       1.45
 826      -0.34
 827      -0.79
 828       0.30
 829      -0.36
 830       0.60
 831       0.08
 832      -0.62
 833       0.05
 834       0.86
 835       0.08
 836      -0.57
 837       1.75
 838       0.27
 839      -0.55
 840      -0.47
 841      -0.69
 842       1.70
 843      -2.42
 844       0.25
 845      -0.49
 846       0.45
 847       0.43
 848      -0.54
 849       0.16
 850       0.16
 851       0.09
 852      -0.84
 853      -1.40
 854      -0.30
 855       0.00
 856       0.12
 857      -0.09
 858       0.01
 859      -0.26
 860      -1.04
 861       0.08
 862       0.82
 863      -0.40
 864       0.95
 865      -0.17
 866      -1.61
 867      -0.45
 868       1.47
 869       0.07
 870       1.14
 871      -0.40
 872      -0.06
 873      -0.16
 874      -0.62
 875      -1.25
 876      -0.11
 877      -1.74
 878       0.62
 879      -1.32
 880       1.26
 881      -0.96
 882       0.52
 883      -1.44
 884      -0.58
 885       1.00
 886       0.31
 887       1.11
 888      -0.57
 889       0.24
 890      -0.49
 891      -1.44
 892      -0.16
 893       0.22
 894      -1.14
 895      -2.07
 896      -1.15
 897       5.35
 898       0.76
 899      -0.16
 900      -4.34
 901      -1.11
 902      -0.90
 903       0.00
 904       0.94
 905      -1.24
 906       1.98
 907      -1.23
 908       1.25
 909      -0.13
 910      -0.28
 911       0.40
 912      -0.87
 913      -1.64
 914      -1.63
 915      -2.37
 916      -3.13
 917      -0.01
 918       3.44
 919       1.74
 920       0.15
 921       0.12
 922      -2.32
 923       0.81
 924       0.40
 925      -0.91
 926       0.75
 927      -1.09
 928       0.37
 929       0.12
 930      -0.15
 931       0.27
 932       1.09
 933       0.13
 934      -1.32
 935       0.56
 936      -0.49
 937      -0.34
 938       0.35
 939       0.42
 940      -0.54
 941       0.31
 942       1.18
 943      -0.25
 944       1.53
 945       0.74
 946       0.88
 947       1.08
 948       0.65
 949      -0.62
 950       0.03
 951      -0.12
 952       0.83
 953       1.12
 954       0.81
 955      -1.23
 956      -0.13
 957      -0.52
 958       2.34
 959       0.07
 960      -1.40
 961      -0.10
 962       0.97
 963      -0.04
 964       0.41
 965       2.09
 966       1.15
 967      -0.64
 968      -0.85
 969      -0.26
 970      -1.97
 971       0.30
 972      -0.55
 973      -1.74
 974      -1.03
 975       2.17
 976      -0.68
 977       0.56
 978      -0.32
 979      -0.39
 980       0.38
 981       1.20
 982      -0.48
 983      -0.01
 984       0.33
 985       0.18
 986      -1.89
 987      -0.92
 988       0.35
 989      -1.67
 990      -1.76
 991       0.81
 992       0.05
 993      -1.08
 994       1.41
 995       2.70
 996      -0.19
 997      -0.80
 998      -0.48
 999      -0.02
1000       0.29
1001       1.86
1002      -0.59
1003      -0.42
1004       0.29
1005      -0.76
1006      -0.12
1007      -0.38
1008       0.53
1009      -0.50
1010      -1.00
1011      -1.30
1012      -0.83
1013       1.32
1014       0.37
1015       2.95
1016      -1.08
1017      -0.81
1018      -2.33
1019       0.64
1020       1.73
1021      -1.71
1022       1.80
1023      -0.87
1024       1.04
1025       0.53
1026      -0.92
1027      -1.06
1028       2.41
1029       0.77
1030       0.13
1031       0.60
1032      -0.61
1033      -0.41
1034       0.15
1035       0.86
1036       0.11
1037       0.46
1038       0.27
1039       0.03
1040      -0.07
1041      -0.76
1042       0.19
1043       0.32
1044      -0.18
1045      -1.12
1046       0.78
1047       1.00
1048      -0.21
1049      -0.08
1050       1.55
1051      -1.23
1052      -0.16
1053      -0.15
1054       0.01
1055       0.16
1056       0.31
1057       0.04
1058       0.98
1059       0.08
1060      -0.46
1061       0.41
1062      -0.31
1063       0.20
1064       0.22
1065       0.28
1066      -0.01
1067      -0.90
1068      -0.59
1069       0.20
1070      -0.96
1071       1.16
1072      -0.95
1073       0.88
1074       0.11
1075       1.07
1076       0.51
1077       0.61
1078      -0.48
1079       0.87
1080       0.47
1081       0.63
1082      -0.01
1083       0.83
1084      -0.23
1085       0.35
1086       1.02
1087      -0.51
1088       0.45
1089       0.91
1090      -1.22
1091      -0.21
1092       0.12
1093       0.58
1094       0.08
1095       1.87
1096      -1.49
1097       1.07
1098      -1.21
1099       1.07
1100      -0.04
1101      -0.22
1102       0.96
1103      -0.45
1104      -0.18
1105       0.09
1106       0.80
1107      -0.60
1108       0.28
1109      -1.37
1110       0.30
1111      -0.99
1112      -0.23
1113       1.37
1114       1.96
1115       0.11
1116      -0.16
1117      -0.94
1118       0.82
1119      -0.22
1120      -0.38
1121       1.56
1122      -0.70
1123       0.55
1124       0.58
1125      -0.51
1126       0.94
1127      -3.47
1128      -0.67
1129       2.54
1130       1.71
1131       1.35
1132       0.10
1133      -0.85
1134       1.16
1135      -1.17
1136       0.59
1137       0.36
1138       1.14
1139      -0.07
1140       0.07
1141       0.19
1142      -0.34
1143      -0.41
1144      -0.65
1145      -0.10
1146       0.19
1147      -2.26
1148      -0.78
1149      -0.75
1150      -0.83
1151      -1.53
1152      -3.71
1153       1.19
1154       0.46
1155      -0.01
1156       0.08
1157       1.09
1158       0.11
1159      -2.37
1160       0.30
1161       1.13
1162      -0.04
1163       0.11
1164       0.20
1165       0.84
1166      -1.18
1167       0.20
1168      -0.29
1169       0.33
1170      -0.61
1171      -0.21
1172       0.65
1173      -0.37
1174      -0.46
1175      -0.35
1176       0.72
1177       1.45
1178      -0.40
1179       1.01
1180      -2.65
1181       0.51
1182      -2.40
1183      -0.66
1184       0.51
1185      -1.13
1186      -0.23
1187      -1.42
1188       0.87
1189       0.27
1190      -0.10
1191      -0.46
1192       0.22
1193       4.30
1194      -0.40
1195       0.73
1196      -0.21
1197      -0.75
1198       0.69
1199       0.04
1200      -0.29
1201       1.70
1202      -0.66
1203      -0.57
1204      -0.55
1205      -0.02
1206       0.00
1207       0.23
1208       0.41
1209       0.05
1210      -0.64
1211       0.32
1212      -0.22
1213       0.42
1214      -0.20
1215      -2.55
1216      -1.63
1217       0.37
1218      -0.23
1219       0.23
1220      -0.10
1221       2.20
1222      -0.14
1223       1.01
1224       0.88
1225      -1.46
1226      -0.41
1227       1.66
1228      -1.10
1229      -0.53
1230       0.05
1231       1.31
1232       0.20
1233       0.26
1234       0.22
1235      -0.73
1236      -0.63
1237       1.59
1238      -0.07
1239      -0.22
1240       0.51
1241       0.09
1242       0.62
1243       0.29
1244       0.82
1245       2.44
1246       1.77
1247      -1.99
1248       0.30
1249       0.29
1250      -0.79
1251       0.01
1252      -0.16
1253       0.63
1254      -0.18
1255       0.04
1256      -0.50
1257       0.06
1258      -0.11
