  -5.00000     0.00000
  -4.75000     8.22800
  -4.50000     0.00000
  -4.25000     0.00000
  -4.00000     0.00000
  -3.75000     0.00000
  -3.50000     0.00000
  -3.25000     0.00000
  -3.00000     0.00000
  -2.75000     0.00000
  -2.50000     0.00000
  -2.25000     0.00047
  -2.00000     0.00016
  -1.75000     0.00063
  -1.50000     0.00031
  -1.25000     0.00063
  -1.00000     0.00047
  -0.75000     0.00000
  -0.50000     0.00031
  -0.25000     0.00016
   0.00000     0.00016
   0.25000     0.00016
   0.50000     0.00031
   0.75000     0.00016
   1.00000     0.00016
   1.25000     0.00016
   1.50000     0.00047
   1.75000     0.00000
   2.00000     0.00016
   2.25000     0.00016
   2.50000     0.00016
   2.75000     0.00047
   3.00000     0.00016
   3.25000     0.00000
   3.50000     0.00016
   3.75000     0.00031
   4.00000     0.00000
   4.25000     0.00000
   4.50000     0.00000
   4.75000     0.00000
   5.00000     1.79224
