  -5.000   0.0000
  -4.990   0.0000
  -4.980   0.0000
  -4.970   0.0000
  -4.960   0.0000
  -4.950   0.0000
  -4.940   0.0000
  -4.930   0.0000
  -4.920   0.0000
  -4.910   0.0000
  -4.900   0.0000
  -4.890   0.0000
  -4.880   0.0000
  -4.870   0.0000
  -4.860   0.0000
  -4.850   0.0000
  -4.840   0.0000
  -4.830   0.0000
  -4.820   0.0000
  -4.810   0.0000
  -4.800   0.0000
  -4.790   0.0000
  -4.780   0.0000
  -4.770   0.0000
  -4.760   0.0000
  -4.750   0.0000
  -4.740   0.0000
  -4.730   0.0000
  -4.720   0.0000
  -4.710   0.0000
  -4.700   0.0000
  -4.690   0.0000
  -4.680   0.0000
  -4.670   0.0000
  -4.660   0.0000
  -4.650   0.0000
  -4.640   0.0000
  -4.630   0.0000
  -4.620   0.0000
  -4.610   0.0000
  -4.600   0.0000
  -4.590   0.0000
  -4.580   0.0000
  -4.570   0.0000
  -4.560   0.0000
  -4.550   0.0000
  -4.540   0.0000
  -4.530   0.0000
  -4.520   0.0000
  -4.510   0.0000
  -4.500   0.0000
  -4.490   0.0000
  -4.480   0.0000
  -4.470   0.0000
  -4.460   0.0000
  -4.450   0.0001
  -4.440   0.0001
  -4.430   0.0001
  -4.420   0.0001
  -4.410   0.0001
  -4.400   0.0001
  -4.390   0.0001
  -4.380   0.0001
  -4.370   0.0001
  -4.360   0.0001
  -4.350   0.0001
  -4.340   0.0001
  -4.330   0.0001
  -4.320   0.0001
  -4.310   0.0001
  -4.300   0.0001
  -4.290   0.0001
  -4.280   0.0001
  -4.270   0.0001
  -4.260   0.0001
  -4.250   0.0001
  -4.240   0.0001
  -4.230   0.0001
  -4.220   0.0001
  -4.210   0.0001
  -4.200   0.0001
  -4.190   0.0002
  -4.180   0.0002
  -4.170   0.0002
  -4.160   0.0002
  -4.150   0.0002
  -4.140   0.0002
  -4.130   0.0002
  -4.120   0.0002
  -4.110   0.0002
  -4.100   0.0002
  -4.090   0.0002
  -4.080   0.0002
  -4.070   0.0003
  -4.060   0.0003
  -4.050   0.0003
  -4.040   0.0003
  -4.030   0.0003
  -4.020   0.0003
  -4.010   0.0003
  -4.000   0.0003
  -3.990   0.0003
  -3.980   0.0004
  -3.970   0.0004
  -3.960   0.0004
  -3.950   0.0004
  -3.940   0.0004
  -3.930   0.0004
  -3.920   0.0005
  -3.910   0.0005
  -3.900   0.0005
  -3.890   0.0005
  -3.880   0.0005
  -3.870   0.0006
  -3.860   0.0006
  -3.850   0.0006
  -3.840   0.0006
  -3.830   0.0007
  -3.820   0.0007
  -3.810   0.0007
  -3.800   0.0007
  -3.790   0.0008
  -3.780   0.0008
  -3.770   0.0008
  -3.760   0.0009
  -3.750   0.0009
  -3.740   0.0009
  -3.730   0.0010
  -3.720   0.0010
  -3.710   0.0010
  -3.700   0.0011
  -3.690   0.0011
  -3.680   0.0011
  -3.670   0.0012
  -3.660   0.0012
  -3.650   0.0013
  -3.640   0.0013
  -3.630   0.0014
  -3.620   0.0014
  -3.610   0.0015
  -3.600   0.0015
  -3.590   0.0016
  -3.580   0.0016
  -3.570   0.0017
  -3.560   0.0018
  -3.550   0.0018
  -3.540   0.0019
  -3.530   0.0020
  -3.520   0.0020
  -3.510   0.0021
  -3.500   0.0022
  -3.490   0.0023
  -3.480   0.0023
  -3.470   0.0024
  -3.460   0.0025
  -3.450   0.0026
  -3.440   0.0027
  -3.430   0.0028
  -3.420   0.0029
  -3.410   0.0030
  -3.400   0.0031
  -3.390   0.0032
  -3.380   0.0033
  -3.370   0.0034
  -3.360   0.0035
  -3.350   0.0037
  -3.340   0.0038
  -3.330   0.0039
  -3.320   0.0040
  -3.310   0.0042
  -3.300   0.0043
  -3.290   0.0045
  -3.280   0.0046
  -3.270   0.0048
  -3.260   0.0049
  -3.250   0.0051
  -3.240   0.0053
  -3.230   0.0054
  -3.220   0.0056
  -3.210   0.0058
  -3.200   0.0060
  -3.190   0.0062
  -3.180   0.0064
  -3.170   0.0066
  -3.160   0.0068
  -3.150   0.0070
  -3.140   0.0072
  -3.130   0.0075
  -3.120   0.0077
  -3.110   0.0079
  -3.100   0.0082
  -3.090   0.0084
  -3.080   0.0087
  -3.070   0.0090
  -3.060   0.0093
  -3.050   0.0095
  -3.040   0.0098
  -3.030   0.0101
  -3.020   0.0105
  -3.010   0.0108
  -3.000   0.0111
  -2.990   0.0114
  -2.980   0.0118
  -2.970   0.0121
  -2.960   0.0125
  -2.950   0.0129
  -2.940   0.0133
  -2.930   0.0137
  -2.920   0.0141
  -2.910   0.0145
  -2.900   0.0149
  -2.890   0.0154
  -2.880   0.0158
  -2.870   0.0163
  -2.860   0.0167
  -2.850   0.0172
  -2.840   0.0177
  -2.830   0.0182
  -2.820   0.0188
  -2.810   0.0193
  -2.800   0.0198
  -2.790   0.0204
  -2.780   0.0210
  -2.770   0.0216
  -2.760   0.0222
  -2.750   0.0228
  -2.740   0.0234
  -2.730   0.0241
  -2.720   0.0247
  -2.710   0.0254
  -2.700   0.0261
  -2.690   0.0268
  -2.680   0.0276
  -2.670   0.0283
  -2.660   0.0291
  -2.650   0.0299
  -2.640   0.0307
  -2.630   0.0315
  -2.620   0.0323
  -2.610   0.0332
  -2.600   0.0340
  -2.590   0.0349
  -2.580   0.0359
  -2.570   0.0368
  -2.560   0.0377
  -2.550   0.0387
  -2.540   0.0397
  -2.530   0.0407
  -2.520   0.0418
  -2.510   0.0428
  -2.500   0.0439
  -2.490   0.0450
  -2.480   0.0462
  -2.470   0.0473
  -2.460   0.0485
  -2.450   0.0497
  -2.440   0.0510
  -2.430   0.0522
  -2.420   0.0535
  -2.410   0.0548
  -2.400   0.0561
  -2.390   0.0575
  -2.380   0.0589
  -2.370   0.0603
  -2.360   0.0617
  -2.350   0.0632
  -2.340   0.0647
  -2.330   0.0662
  -2.320   0.0678
  -2.310   0.0694
  -2.300   0.0710
  -2.290   0.0727
  -2.280   0.0743
  -2.270   0.0760
  -2.260   0.0778
  -2.250   0.0796
  -2.240   0.0814
  -2.230   0.0832
  -2.220   0.0851
  -2.210   0.0870
  -2.200   0.0889
  -2.190   0.0909
  -2.180   0.0929
  -2.170   0.0949
  -2.160   0.0970
  -2.150   0.0991
  -2.140   0.1013
  -2.130   0.1035
  -2.120   0.1057
  -2.110   0.1080
  -2.100   0.1103
  -2.090   0.1126
  -2.080   0.1150
  -2.070   0.1174
  -2.060   0.1198
  -2.050   0.1223
  -2.040   0.1248
  -2.030   0.1274
  -2.020   0.1300
  -2.010   0.1326
  -2.000   0.1353
  -1.990   0.1381
  -1.980   0.1408
  -1.970   0.1436
  -1.960   0.1465
  -1.950   0.1494
  -1.940   0.1523
  -1.930   0.1553
  -1.920   0.1583
  -1.910   0.1614
  -1.900   0.1645
  -1.890   0.1676
  -1.880   0.1708
  -1.870   0.1740
  -1.860   0.1773
  -1.850   0.1806
  -1.840   0.1840
  -1.830   0.1874
  -1.820   0.1909
  -1.810   0.1944
  -1.800   0.1979
  -1.790   0.2015
  -1.780   0.2051
  -1.770   0.2088
  -1.760   0.2125
  -1.750   0.2163
  -1.740   0.2201
  -1.730   0.2239
  -1.720   0.2278
  -1.710   0.2318
  -1.700   0.2357
  -1.690   0.2398
  -1.680   0.2439
  -1.670   0.2480
  -1.660   0.2521
  -1.650   0.2563
  -1.640   0.2606
  -1.630   0.2649
  -1.620   0.2692
  -1.610   0.2736
  -1.600   0.2780
  -1.590   0.2825
  -1.580   0.2870
  -1.570   0.2916
  -1.560   0.2962
  -1.550   0.3008
  -1.540   0.3055
  -1.530   0.3102
  -1.520   0.3150
  -1.510   0.3198
  -1.500   0.3247
  -1.490   0.3295
  -1.480   0.3345
  -1.470   0.3394
  -1.460   0.3445
  -1.450   0.3495
  -1.440   0.3546
  -1.430   0.3597
  -1.420   0.3649
  -1.410   0.3701
  -1.400   0.3753
  -1.390   0.3806
  -1.380   0.3859
  -1.370   0.3912
  -1.360   0.3966
  -1.350   0.4020
  -1.340   0.4075
  -1.330   0.4129
  -1.320   0.4184
  -1.310   0.4240
  -1.300   0.4296
  -1.290   0.4352
  -1.280   0.4408
  -1.270   0.4464
  -1.260   0.4521
  -1.250   0.4578
  -1.240   0.4636
  -1.230   0.4693
  -1.220   0.4751
  -1.210   0.4809
  -1.200   0.4868
  -1.190   0.4926
  -1.180   0.4985
  -1.170   0.5044
  -1.160   0.5103
  -1.150   0.5162
  -1.140   0.5222
  -1.130   0.5281
  -1.120   0.5341
  -1.110   0.5401
  -1.100   0.5461
  -1.090   0.5521
  -1.080   0.5581
  -1.070   0.5641
  -1.060   0.5702
  -1.050   0.5762
  -1.040   0.5823
  -1.030   0.5883
  -1.020   0.5944
  -1.010   0.6005
  -1.000   0.6065
  -0.990   0.6126
  -0.980   0.6187
  -0.970   0.6247
  -0.960   0.6308
  -0.950   0.6368
  -0.940   0.6429
  -0.930   0.6489
  -0.920   0.6549
  -0.910   0.6610
  -0.900   0.6670
  -0.890   0.6730
  -0.880   0.6790
  -0.870   0.6849
  -0.860   0.6909
  -0.850   0.6968
  -0.840   0.7027
  -0.830   0.7086
  -0.820   0.7145
  -0.810   0.7203
  -0.800   0.7261
  -0.790   0.7319
  -0.780   0.7377
  -0.770   0.7435
  -0.760   0.7492
  -0.750   0.7548
  -0.740   0.7605
  -0.730   0.7661
  -0.720   0.7717
  -0.710   0.7772
  -0.700   0.7827
  -0.690   0.7882
  -0.680   0.7936
  -0.670   0.7990
  -0.660   0.8043
  -0.650   0.8096
  -0.640   0.8148
  -0.630   0.8200
  -0.620   0.8251
  -0.610   0.8302
  -0.600   0.8353
  -0.590   0.8403
  -0.580   0.8452
  -0.570   0.8501
  -0.560   0.8549
  -0.550   0.8596
  -0.540   0.8643
  -0.530   0.8690
  -0.520   0.8735
  -0.510   0.8781
  -0.500   0.8825
  -0.490   0.8869
  -0.480   0.8912
  -0.470   0.8954
  -0.460   0.8996
  -0.450   0.9037
  -0.440   0.9077
  -0.430   0.9117
  -0.420   0.9156
  -0.410   0.9194
  -0.400   0.9231
  -0.390   0.9268
  -0.380   0.9303
  -0.370   0.9338
  -0.360   0.9373
  -0.350   0.9406
  -0.340   0.9438
  -0.330   0.9470
  -0.320   0.9501
  -0.310   0.9531
  -0.300   0.9560
  -0.290   0.9588
  -0.280   0.9616
  -0.270   0.9642
  -0.260   0.9668
  -0.250   0.9692
  -0.240   0.9716
  -0.230   0.9739
  -0.220   0.9761
  -0.210   0.9782
  -0.200   0.9802
  -0.190   0.9821
  -0.180   0.9839
  -0.170   0.9857
  -0.160   0.9873
  -0.150   0.9888
  -0.140   0.9902
  -0.130   0.9916
  -0.120   0.9928
  -0.110   0.9940
  -0.100   0.9950
  -0.090   0.9960
  -0.080   0.9968
  -0.070   0.9976
  -0.060   0.9982
  -0.050   0.9988
  -0.040   0.9992
  -0.030   0.9996
  -0.020   0.9998
  -0.010   1.0000
  -0.000   1.0000
   0.010   1.0000
   0.020   0.9998
   0.030   0.9996
   0.040   0.9992
   0.050   0.9988
   0.060   0.9982
   0.070   0.9976
   0.080   0.9968
   0.090   0.9960
   0.100   0.9950
   0.110   0.9940
   0.120   0.9928
   0.130   0.9916
   0.140   0.9902
   0.150   0.9888
   0.160   0.9873
   0.170   0.9857
   0.180   0.9839
   0.190   0.9821
   0.200   0.9802
   0.210   0.9782
   0.220   0.9761
   0.230   0.9739
   0.240   0.9716
   0.250   0.9692
   0.260   0.9668
   0.270   0.9642
   0.280   0.9616
   0.290   0.9588
   0.300   0.9560
   0.310   0.9531
   0.320   0.9501
   0.330   0.9470
   0.340   0.9438
   0.350   0.9406
   0.360   0.9373
   0.370   0.9338
   0.380   0.9303
   0.390   0.9268
   0.400   0.9231
   0.410   0.9194
   0.420   0.9156
   0.430   0.9117
   0.440   0.9077
   0.450   0.9037
   0.460   0.8996
   0.470   0.8954
   0.480   0.8912
   0.490   0.8869
   0.500   0.8825
   0.510   0.8781
   0.520   0.8735
   0.530   0.8690
   0.540   0.8643
   0.550   0.8596
   0.560   0.8549
   0.570   0.8501
   0.580   0.8452
   0.590   0.8403
   0.600   0.8353
   0.610   0.8302
   0.620   0.8251
   0.630   0.8200
   0.640   0.8148
   0.650   0.8096
   0.660   0.8043
   0.670   0.7990
   0.680   0.7936
   0.690   0.7882
   0.700   0.7827
   0.710   0.7772
   0.720   0.7717
   0.730   0.7661
   0.740   0.7605
   0.750   0.7548
   0.760   0.7492
   0.770   0.7435
   0.780   0.7377
   0.790   0.7319
   0.800   0.7261
   0.810   0.7203
   0.820   0.7145
   0.830   0.7086
   0.840   0.7027
   0.850   0.6968
   0.860   0.6909
   0.870   0.6849
   0.880   0.6790
   0.890   0.6730
   0.900   0.6670
   0.910   0.6610
   0.920   0.6549
   0.930   0.6489
   0.940   0.6429
   0.950   0.6368
   0.960   0.6308
   0.970   0.6247
   0.980   0.6187
   0.990   0.6126
   1.000   0.6065
   1.010   0.6005
   1.020   0.5944
   1.030   0.5883
   1.040   0.5823
   1.050   0.5762
   1.060   0.5702
   1.070   0.5641
   1.080   0.5581
   1.090   0.5521
   1.100   0.5461
   1.110   0.5401
   1.120   0.5341
   1.130   0.5281
   1.140   0.5222
   1.150   0.5162
   1.160   0.5103
   1.170   0.5044
   1.180   0.4985
   1.190   0.4926
   1.200   0.4868
   1.210   0.4809
   1.220   0.4751
   1.230   0.4693
   1.240   0.4636
   1.250   0.4578
   1.260   0.4521
   1.270   0.4464
   1.280   0.4408
   1.290   0.4352
   1.300   0.4296
   1.310   0.4240
   1.320   0.4184
   1.330   0.4129
   1.340   0.4075
   1.350   0.4020
   1.360   0.3966
   1.370   0.3912
   1.380   0.3859
   1.390   0.3806
   1.400   0.3753
   1.410   0.3701
   1.420   0.3649
   1.430   0.3597
   1.440   0.3546
   1.450   0.3495
   1.460   0.3445
   1.470   0.3394
   1.480   0.3345
   1.490   0.3295
   1.500   0.3247
   1.510   0.3198
   1.520   0.3150
   1.530   0.3102
   1.540   0.3055
   1.550   0.3008
   1.560   0.2962
   1.570   0.2916
   1.580   0.2870
   1.590   0.2825
   1.600   0.2780
   1.610   0.2736
   1.620   0.2692
   1.630   0.2649
   1.640   0.2606
   1.650   0.2563
   1.660   0.2521
   1.670   0.2480
   1.680   0.2439
   1.690   0.2398
   1.700   0.2357
   1.710   0.2318
   1.720   0.2278
   1.730   0.2239
   1.740   0.2201
   1.750   0.2163
   1.760   0.2125
   1.770   0.2088
   1.780   0.2051
   1.790   0.2015
   1.800   0.1979
   1.810   0.1944
   1.820   0.1909
   1.830   0.1874
   1.840   0.1840
   1.850   0.1806
   1.860   0.1773
   1.870   0.1740
   1.880   0.1708
   1.890   0.1676
   1.900   0.1645
   1.910   0.1614
   1.920   0.1583
   1.930   0.1553
   1.940   0.1523
   1.950   0.1494
   1.960   0.1465
   1.970   0.1436
   1.980   0.1408
   1.990   0.1381
   2.000   0.1353
   2.010   0.1326
   2.020   0.1300
   2.030   0.1274
   2.040   0.1248
   2.050   0.1223
   2.060   0.1198
   2.070   0.1174
   2.080   0.1150
   2.090   0.1126
   2.100   0.1103
   2.110   0.1080
   2.120   0.1057
   2.130   0.1035
   2.140   0.1013
   2.150   0.0991
   2.160   0.0970
   2.170   0.0949
   2.180   0.0929
   2.190   0.0909
   2.200   0.0889
   2.210   0.0870
   2.220   0.0851
   2.230   0.0832
   2.240   0.0814
   2.250   0.0796
   2.260   0.0778
   2.270   0.0760
   2.280   0.0743
   2.290   0.0727
   2.300   0.0710
   2.310   0.0694
   2.320   0.0678
   2.330   0.0662
   2.340   0.0647
   2.350   0.0632
   2.360   0.0617
   2.370   0.0603
   2.380   0.0589
   2.390   0.0575
   2.400   0.0561
   2.410   0.0548
   2.420   0.0535
   2.430   0.0522
   2.440   0.0510
   2.450   0.0497
   2.460   0.0485
   2.470   0.0473
   2.480   0.0462
   2.490   0.0450
   2.500   0.0439
   2.510   0.0428
   2.520   0.0418
   2.530   0.0407
   2.540   0.0397
   2.550   0.0387
   2.560   0.0377
   2.570   0.0368
   2.580   0.0359
   2.590   0.0349
   2.600   0.0340
   2.610   0.0332
   2.620   0.0323
   2.630   0.0315
   2.640   0.0307
   2.650   0.0299
   2.660   0.0291
   2.670   0.0283
   2.680   0.0276
   2.690   0.0268
   2.700   0.0261
   2.710   0.0254
   2.720   0.0247
   2.730   0.0241
   2.740   0.0234
   2.750   0.0228
   2.760   0.0222
   2.770   0.0216
   2.780   0.0210
   2.790   0.0204
   2.800   0.0198
   2.810   0.0193
   2.820   0.0188
   2.830   0.0182
   2.840   0.0177
   2.850   0.0172
   2.860   0.0167
   2.870   0.0163
   2.880   0.0158
   2.890   0.0154
   2.900   0.0149
   2.910   0.0145
   2.920   0.0141
   2.930   0.0137
   2.940   0.0133
   2.950   0.0129
   2.960   0.0125
   2.970   0.0121
   2.980   0.0118
   2.990   0.0114
   3.000   0.0111
   3.010   0.0108
   3.020   0.0105
   3.030   0.0101
   3.040   0.0098
   3.050   0.0095
   3.060   0.0093
   3.070   0.0090
   3.080   0.0087
   3.090   0.0084
   3.100   0.0082
   3.110   0.0079
   3.120   0.0077
   3.130   0.0075
   3.140   0.0072
   3.150   0.0070
   3.160   0.0068
   3.170   0.0066
   3.180   0.0064
   3.190   0.0062
   3.200   0.0060
   3.210   0.0058
   3.220   0.0056
   3.230   0.0054
   3.240   0.0053
   3.250   0.0051
   3.260   0.0049
   3.270   0.0048
   3.280   0.0046
   3.290   0.0045
   3.300   0.0043
   3.310   0.0042
   3.320   0.0040
   3.330   0.0039
   3.340   0.0038
   3.350   0.0037
   3.360   0.0035
   3.370   0.0034
   3.380   0.0033
   3.390   0.0032
   3.400   0.0031
   3.410   0.0030
   3.420   0.0029
   3.430   0.0028
   3.440   0.0027
   3.450   0.0026
   3.460   0.0025
   3.470   0.0024
   3.480   0.0023
   3.490   0.0023
   3.500   0.0022
   3.510   0.0021
   3.520   0.0020
   3.530   0.0020
   3.540   0.0019
   3.550   0.0018
   3.560   0.0018
   3.570   0.0017
   3.580   0.0016
   3.590   0.0016
   3.600   0.0015
   3.610   0.0015
   3.620   0.0014
   3.630   0.0014
   3.640   0.0013
   3.650   0.0013
   3.660   0.0012
   3.670   0.0012
   3.680   0.0011
   3.690   0.0011
   3.700   0.0011
   3.710   0.0010
   3.720   0.0010
   3.730   0.0010
   3.740   0.0009
   3.750   0.0009
   3.760   0.0009
   3.770   0.0008
   3.780   0.0008
   3.790   0.0008
   3.800   0.0007
   3.810   0.0007
   3.820   0.0007
   3.830   0.0007
   3.840   0.0006
   3.850   0.0006
   3.860   0.0006
   3.870   0.0006
   3.880   0.0005
   3.890   0.0005
   3.900   0.0005
   3.910   0.0005
   3.920   0.0005
   3.930   0.0004
   3.940   0.0004
   3.950   0.0004
   3.960   0.0004
   3.970   0.0004
   3.980   0.0004
   3.990   0.0003
   4.000   0.0003
   4.010   0.0003
   4.020   0.0003
   4.030   0.0003
   4.040   0.0003
   4.050   0.0003
   4.060   0.0003
   4.070   0.0003
   4.080   0.0002
   4.090   0.0002
   4.100   0.0002
   4.110   0.0002
   4.120   0.0002
   4.130   0.0002
   4.140   0.0002
   4.150   0.0002
   4.160   0.0002
   4.170   0.0002
   4.180   0.0002
   4.190   0.0002
   4.200   0.0001
   4.210   0.0001
   4.220   0.0001
   4.230   0.0001
   4.240   0.0001
   4.250   0.0001
   4.260   0.0001
   4.270   0.0001
   4.280   0.0001
   4.290   0.0001
   4.300   0.0001
   4.310   0.0001
   4.320   0.0001
   4.330   0.0001
   4.340   0.0001
   4.350   0.0001
   4.360   0.0001
   4.370   0.0001
   4.380   0.0001
   4.390   0.0001
   4.400   0.0001
   4.410   0.0001
   4.420   0.0001
   4.430   0.0001
   4.440   0.0001
   4.450   0.0001
   4.460   0.0000
   4.470   0.0000
   4.480   0.0000
   4.490   0.0000
   4.500   0.0000
   4.510   0.0000
   4.520   0.0000
   4.530   0.0000
   4.540   0.0000
   4.550   0.0000
   4.560   0.0000
   4.570   0.0000
   4.580   0.0000
   4.590   0.0000
   4.600   0.0000
   4.610   0.0000
   4.620   0.0000
   4.630   0.0000
   4.640   0.0000
   4.650   0.0000
   4.660   0.0000
   4.670   0.0000
   4.680   0.0000
   4.690   0.0000
   4.700   0.0000
   4.710   0.0000
   4.720   0.0000
   4.730   0.0000
   4.740   0.0000
   4.750   0.0000
   4.760   0.0000
   4.770   0.0000
   4.780   0.0000
   4.790   0.0000
   4.800   0.0000
   4.810   0.0000
   4.820   0.0000
   4.830   0.0000
   4.840   0.0000
   4.850   0.0000
   4.860   0.0000
   4.870   0.0000
   4.880   0.0000
   4.890   0.0000
   4.900   0.0000
   4.910   0.0000
   4.920   0.0000
   4.930   0.0000
   4.940   0.0000
   4.950   0.0000
   4.960   0.0000
   4.970   0.0000
   4.980   0.0000
   4.990   0.0000
   5.000   0.0000
