    0.00     4.93
    0.50     4.07
    0.50     5.79
    1.00     3.36
    1.00     4.79
    1.00     6.81
    1.50     2.78
    1.50     3.96
    1.50     5.63
    1.50     8.02
    2.00     2.30
    2.00     3.27
    2.00     4.66
    2.00     6.64
    2.00     9.45
    2.50     1.90
    2.50     2.71
    2.50     3.86
    2.50     5.50
    2.50     7.83
    2.50    11.15
    3.00     1.58
    3.00     2.25
    3.00     3.20
    3.00     4.55
    3.00     6.49
    3.00     9.24
    3.00    13.15
    3.50     1.31
    3.50     1.86
    3.50     2.65
    3.50     3.78
    3.50     5.38
    3.50     7.66
    3.50    10.91
    4.00     1.09
    4.00     1.55
    4.00     2.20
    4.00     3.14
    4.00     4.47
    4.00     6.36
    4.00     9.06
    4.00    12.90
    4.50     0.90
    4.50     1.28
    4.50     1.83
    4.50     2.61
    4.50     3.71
    4.50     5.28
    4.50     7.53
    4.50    10.72
    5.00     0.75
    5.00     1.07
    5.00     1.52
    5.00     2.17
    5.00     3.09
    5.00     4.40
    5.00     6.26
    5.00     8.91
    5.00    12.70
    5.50     0.62
    5.50     0.89
    5.50     1.27
    5.50     1.80
    5.50     2.57
    5.50     3.66
    5.50     5.21
    5.50     7.42
    5.50    10.57
    6.00     0.52
    6.00     0.74
    6.00     1.06
    6.00     1.50
    6.00     2.14
    6.00     3.05
    6.00     4.34
    6.00     6.18
    6.00     8.81
    6.00    12.54
    6.50     0.43
    6.50     0.62
    6.50     0.88
    6.50     1.25
    6.50     1.79
    6.50     2.54
    6.50     3.62
    6.50     5.16
    6.50     7.35
    6.50    10.46
    6.50    14.90
    7.00     0.36
    7.00     0.52
    7.00     0.74
    7.00     1.05
    7.00     1.49
    7.00     2.12
    7.00     3.02
    7.00     4.31
    7.00     6.13
    7.00     8.73
    7.00    12.44
    7.50     0.30
    7.50     0.43
    7.50     0.61
    7.50     0.87
    7.50     1.25
    7.50     1.77
    7.50     2.53
    7.50     3.60
    7.50     5.12
    7.50     7.30
    7.50    10.39
    7.50    14.80
    8.00     0.25
    8.00     0.36
    8.00     0.51
    8.00     0.73
    8.00     1.04
    8.00     1.48
    8.00     2.11
    8.00     3.01
    8.00     4.29
    8.00     6.10
    8.00     8.69
    8.00    12.38
    8.50     0.21
    8.50     0.30
    8.50     0.43
    8.50     0.61
    8.50     0.87
    8.50     1.24
    8.50     1.77
    8.50     2.52
    8.50     3.59
    8.50     5.11
    8.50     7.28
    8.50    10.36
    8.50    14.76
    9.00     0.18
    9.00     0.25
    9.00     0.36
    9.00     0.51
    9.00     0.73
    9.00     1.04
    9.00     1.48
    9.00     2.11
    9.00     3.01
    9.00     4.28
    9.00     6.10
    9.00     8.69
    9.00    12.37
    9.50     0.15
    9.50     0.21
    9.50     0.30
    9.50     0.43
    9.50     0.61
    9.50     0.87
    9.50     1.24
    9.50     1.77
    9.50     2.52
    9.50     3.59
    9.50     5.12
    9.50     7.29
    9.50    10.38
    9.50    14.78
   10.00     0.13
   10.00     0.18
   10.00     0.25
   10.00     0.36
   10.00     0.51
   10.00     0.73
   10.00     1.04
   10.00     1.49
   10.00     2.12
   10.00     3.02
   10.00     4.29
   10.00     6.12
   10.00     8.71
   10.00    12.40
   10.50     0.11
   10.50     0.15
   10.50     0.21
   10.50     0.30
   10.50     0.43
   10.50     0.62
   10.50     0.88
   10.50     1.25
   10.50     1.78
   10.50     2.53
   10.50     3.61
   10.50     5.14
   10.50     7.32
   10.50    10.42
   10.50    14.84
   11.00     0.09
   11.00     0.13
   11.00     0.18
   11.00     0.26
   11.00     0.36
   11.00     0.52
   11.00     0.74
   11.00     1.05
   11.00     1.50
   11.00     2.13
   11.00     3.04
   11.00     4.32
   11.00     6.16
   11.00     8.77
   11.00    12.48
   11.50     0.07
   11.50     0.11
   11.50     0.15
   11.50     0.22
   11.50     0.31
   11.50     0.44
   11.50     0.62
   11.50     0.88
   11.50     1.26
   11.50     1.79
   11.50     2.55
   11.50     3.64
   11.50     5.18
   11.50     7.38
   11.50    10.51
   11.50    14.96
   12.00     0.06
   12.00     0.09
   12.00     0.13
   12.00     0.18
   12.00     0.26
   12.00     0.37
   12.00     0.52
   12.00     0.75
   12.00     1.06
   12.00     1.51
   12.00     2.15
   12.00     3.06
   12.00     4.36
   12.00     6.22
   12.00     8.85
   12.00    12.61
   12.50     0.05
   12.50     0.08
   12.50     0.11
   12.50     0.15
   12.50     0.22
   12.50     0.31
   12.50     0.44
   12.50     0.63
   12.50     0.89
   12.50     1.27
   12.50     1.81
   12.50     2.58
   12.50     3.68
   12.50     5.24
   12.50     7.46
   12.50    10.63
   13.00     0.04
   13.00     0.06
   13.00     0.09
   13.00     0.13
   13.00     0.18
   13.00     0.26
   13.00     0.37
   13.00     0.53
   13.00     0.75
   13.00     1.07
   13.00     1.53
   13.00     2.18
   13.00     3.10
   13.00     4.42
   13.00     6.30
   13.00     8.97
   13.00    12.77
   13.50     0.04
   13.50     0.05
   13.50     0.08
   13.50     0.11
   13.50     0.15
   13.50     0.22
   13.50     0.31
   13.50     0.45
   13.50     0.64
   13.50     0.91
   13.50     1.29
   13.50     1.84
   13.50     2.62
   13.50     3.73
   13.50     5.32
   13.50     7.57
   13.50    10.78
   14.00     0.03
   14.00     0.05
   14.00     0.06
   14.00     0.09
   14.00     0.13
   14.00     0.19
   14.00     0.27
   14.00     0.38
   14.00     0.54
   14.00     0.77
   14.00     1.09
   14.00     1.56
   14.00     2.21
   14.00     3.15
   14.00     4.49
   14.00     6.40
   14.00     9.11
   14.00    12.97
   14.50     0.03
   14.50     0.04
   14.50     0.05
   14.50     0.08
   14.50     0.11
   14.50     0.16
   14.50     0.22
   14.50     0.32
   14.50     0.46
   14.50     0.65
   14.50     0.92
   14.50     1.32
   14.50     1.87
   14.50     2.67
   14.50     3.80
   14.50     5.41
   14.50     7.70
   14.50    10.97
   15.00     0.02
   15.00     0.03
   15.00     0.05
   15.00     0.07
   15.00     0.09
   15.00     0.13
   15.00     0.19
   15.00     0.27
   15.00     0.39
   15.00     0.55
   15.00     0.78
   15.00     1.11
   15.00     1.58
   15.00     2.26
   15.00     3.21
   15.00     4.58
   15.00     6.52
   15.00     9.28
   15.00    13.22
   15.50     0.02
   15.50     0.03
   15.50     0.04
   15.50     0.06
   15.50     0.08
   15.50     0.11
   15.50     0.16
   15.50     0.23
   15.50     0.33
   15.50     0.46
   15.50     0.66
   15.50     0.94
   15.50     1.34
   15.50     1.91
   15.50     2.72
   15.50     3.88
   15.50     5.52
   15.50     7.86
   15.50    11.19
   16.00     0.02
   16.00     0.02
   16.00     0.03
   16.00     0.05
   16.00     0.07
   16.00     0.10
   16.00     0.14
   16.00     0.19
   16.00     0.28
   16.00     0.39
   16.00     0.56
   16.00     0.80
   16.00     1.14
   16.00     1.62
   16.00     2.31
   16.00     3.28
   16.00     4.68
   16.00     6.66
   16.00     9.48
   16.00    13.51
   16.50     0.01
   16.50     0.02
   16.50     0.03
   16.50     0.04
   16.50     0.06
   16.50     0.08
   16.50     0.12
   16.50     0.16
   16.50     0.23
   16.50     0.33
   16.50     0.48
   16.50     0.68
   16.50     0.96
   16.50     1.37
   16.50     1.95
   16.50     2.78
   16.50     3.96
   16.50     5.65
   16.50     8.04
   16.50    11.45
   17.00     0.01
   17.00     0.02
   17.00     0.02
   17.00     0.03
   17.00     0.05
   17.00     0.07
   17.00     0.10
   17.00     0.14
   17.00     0.20
   17.00     0.28
   17.00     0.40
   17.00     0.57
   17.00     0.82
   17.00     1.16
   17.00     1.66
   17.00     2.36
   17.00     3.36
   17.00     4.79
   17.00     6.82
   17.00     9.71
   17.00    13.83
   17.50     0.01
   17.50     0.01
   17.50     0.02
   17.50     0.03
   17.50     0.04
   17.50     0.06
   17.50     0.08
   17.50     0.12
   17.50     0.17
   17.50     0.24
   17.50     0.34
   17.50     0.49
   17.50     0.69
   17.50     0.99
   17.50     1.41
   17.50     2.00
   17.50     2.85
   17.50     4.06
   17.50     5.79
   17.50     8.24
   17.50    11.74
   18.00     0.01
   18.00     0.01
   18.00     0.02
   18.00     0.02
   18.00     0.03
   18.00     0.05
   18.00     0.07
   18.00     0.10
   18.00     0.14
   18.00     0.20
   18.00     0.29
   18.00     0.41
   18.00     0.59
   18.00     0.84
   18.00     1.20
   18.00     1.70
   18.00     2.42
   18.00     3.45
   18.00     4.92
   18.00     7.00
   18.00     9.97
   18.00    14.20
   18.50     0.01
   18.50     0.01
   18.50     0.01
   18.50     0.02
   18.50     0.03
   18.50     0.04
   18.50     0.06
   18.50     0.09
   18.50     0.12
   18.50     0.17
   18.50     0.25
   18.50     0.35
   18.50     0.50
   18.50     0.71
   18.50     1.02
   18.50     1.45
   18.50     2.06
   18.50     2.93
   18.50     4.18
   18.50     5.95
   18.50     8.47
   18.50    12.06
   19.00     0.01
   19.00     0.01
   19.00     0.01
   19.00     0.02
   19.00     0.03
   19.00     0.04
   19.00     0.05
   19.00     0.07
   19.00     0.10
   19.00     0.15
   19.00     0.21
   19.00     0.30
   19.00     0.43
   19.00     0.61
   19.00     0.86
   19.00     1.23
   19.00     1.75
   19.00     2.49
   19.00     3.55
   19.00     5.06
   19.00     7.20
   19.00    10.26
   19.00    14.61
   19.50     0.01
   19.50     0.01
   19.50     0.01
   19.50     0.02
   19.50     0.02
   19.50     0.03
   19.50     0.04
   19.50     0.06
   19.50     0.09
   19.50     0.13
   19.50     0.18
   19.50     0.25
   19.50     0.36
   19.50     0.52
   19.50     0.73
   19.50     1.05
   19.50     1.49
   19.50     2.12
   19.50     3.02
   19.50     4.30
   19.50     6.13
   19.50     8.72
   19.50    12.42
   20.00     0.00
   20.00     0.01
   20.00     0.01
   20.00     0.01
   20.00     0.02
   20.00     0.03
   20.00     0.04
   20.00     0.05
   20.00     0.07
   20.00     0.11
   20.00     0.15
   20.00     0.22
   20.00     0.31
   20.00     0.44
   20.00     0.62
   20.00     0.89
   20.00     1.27
   20.00     1.80
   20.00     2.57
   20.00     3.66
   20.00     5.21
   20.00     7.42
   20.00    10.57
   20.50     0.00
   20.50     0.01
   20.50     0.01
   20.50     0.01
   20.50     0.02
   20.50     0.02
   20.50     0.03
   20.50     0.04
   20.50     0.06
   20.50     0.09
   20.50     0.13
   20.50     0.18
   20.50     0.26
   20.50     0.37
   20.50     0.53
   20.50     0.76
   20.50     1.08
   20.50     1.54
   20.50     2.19
   20.50     3.12
   20.50     4.44
   20.50     6.32
   20.50     9.00
   20.50    12.82
   21.00     0.00
   21.00     0.00
   21.00     0.01
   21.00     0.01
   21.00     0.01
   21.00     0.02
   21.00     0.03
   21.00     0.04
   21.00     0.05
   21.00     0.08
   21.00     0.11
   21.00     0.16
   21.00     0.22
   21.00     0.32
   21.00     0.45
   21.00     0.65
   21.00     0.92
   21.00     1.31
   21.00     1.86
   21.00     2.65
   21.00     3.78
   21.00     5.38
   21.00     7.66
   21.00    10.92
   21.50     0.00
   21.50     0.00
   21.50     0.01
   21.50     0.01
   21.50     0.01
   21.50     0.02
   21.50     0.02
   21.50     0.03
   21.50     0.05
   21.50     0.07
   21.50     0.09
   21.50     0.13
   21.50     0.19
   21.50     0.27
   21.50     0.39
   21.50     0.55
   21.50     0.78
   21.50     1.11
   21.50     1.59
   21.50     2.26
   21.50     3.22
   21.50     4.59
   21.50     6.53
   21.50     9.30
   21.50    13.25
   22.00     0.00
   22.00     0.00
   22.00     0.00
   22.00     0.01
   22.00     0.01
   22.00     0.01
   22.00     0.02
   22.00     0.03
   22.00     0.04
   22.00     0.06
   22.00     0.08
   22.00     0.11
   22.00     0.16
   22.00     0.23
   22.00     0.33
   22.00     0.47
   22.00     0.67
   22.00     0.95
   22.00     1.35
   22.00     1.93
   22.00     2.75
   22.00     3.91
   22.00     5.57
   22.00     7.93
   22.00    11.29
   22.50     0.00
   22.50     0.00
   22.50     0.00
   22.50     0.01
   22.50     0.01
   22.50     0.01
   22.50     0.02
   22.50     0.02
   22.50     0.03
   22.50     0.05
   22.50     0.07
   22.50     0.10
   22.50     0.14
   22.50     0.20
   22.50     0.28
   22.50     0.40
   22.50     0.57
   22.50     0.81
   22.50     1.15
   22.50     1.64
   22.50     2.34
   22.50     3.33
   22.50     4.75
   22.50     6.76
   22.50     9.63
   22.50    13.71
   23.00     0.00
   23.00     0.00
   23.00     0.00
   23.00     0.00
   23.00     0.01
   23.00     0.01
   23.00     0.01
   23.00     0.02
   23.00     0.03
   23.00     0.04
   23.00     0.06
   23.00     0.08
   23.00     0.12
   23.00     0.17
   23.00     0.24
   23.00     0.34
   23.00     0.49
   23.00     0.69
   23.00     0.98
   23.00     1.40
   23.00     2.00
   23.00     2.84
   23.00     4.05
   23.00     5.77
   23.00     8.22
   23.00    11.70
   23.50     0.00
   23.50     0.00
   23.50     0.00
   23.50     0.00
   23.50     0.01
   23.50     0.01
   23.50     0.01
   23.50     0.02
   23.50     0.02
   23.50     0.03
   23.50     0.05
   23.50     0.07
   23.50     0.10
   23.50     0.14
   23.50     0.20
   23.50     0.29
   23.50     0.41
   23.50     0.59
   23.50     0.84
   23.50     1.20
   23.50     1.70
   23.50     2.43
   23.50     3.46
   23.50     4.92
   23.50     7.01
   23.50     9.99
   23.50    14.22
   24.00     0.00
   24.00     0.00
   24.00     0.00
   24.00     0.00
   24.00     0.01
   24.00     0.01
   24.00     0.01
   24.00     0.01
   24.00     0.02
   24.00     0.03
   24.00     0.04
   24.00     0.06
   24.00     0.09
   24.00     0.12
   24.00     0.17
   24.00     0.25
   24.00     0.35
   24.00     0.50
   24.00     0.72
   24.00     1.02
   24.00     1.46
   24.00     2.07
   24.00     2.95
   24.00     4.20
   24.00     5.99
   24.00     8.53
   24.00    12.14
   24.50     0.00
   24.50     0.00
   24.50     0.00
   24.50     0.00
   24.50     0.00
   24.50     0.01
   24.50     0.01
   24.50     0.01
   24.50     0.02
   24.50     0.03
   24.50     0.04
   24.50     0.05
   24.50     0.07
   24.50     0.10
   24.50     0.15
   24.50     0.21
   24.50     0.30
   24.50     0.43
   24.50     0.61
   24.50     0.87
   24.50     1.24
   24.50     1.77
   24.50     2.52
   24.50     3.59
   24.50     5.11
   24.50     7.28
   24.50    10.37
   24.50    14.77
   25.00     0.00
   25.00     0.00
   25.00     0.00
   25.00     0.00
   25.00     0.00
   25.00     0.01
   25.00     0.01
   25.00     0.01
   25.00     0.02
   25.00     0.02
   25.00     0.03
   25.00     0.04
   25.00     0.06
   25.00     0.09
   25.00     0.13
   25.00     0.18
   25.00     0.26
   25.00     0.37
   25.00     0.52
   25.00     0.75
   25.00     1.06
   25.00     1.51
   25.00     2.15
   25.00     3.07
   25.00     4.37
   25.00     6.22
   25.00     8.86
   25.00    12.62
   25.50     0.00
   25.50     0.00
   25.50     0.00
   25.50     0.00
   25.50     0.00
   25.50     0.00
   25.50     0.01
   25.50     0.01
   25.50     0.01
   25.50     0.02
   25.50     0.03
   25.50     0.04
   25.50     0.05
   25.50     0.08
   25.50     0.11
   25.50     0.15
   25.50     0.22
   25.50     0.31
   25.50     0.45
   25.50     0.64
   25.50     0.91
   25.50     1.29
   25.50     1.84
   25.50     2.62
   25.50     3.73
   25.50     5.32
   25.50     7.57
   25.50    10.78
   26.00     0.00
   26.00     0.00
   26.00     0.00
   26.00     0.00
   26.00     0.00
   26.00     0.00
   26.00     0.01
   26.00     0.01
   26.00     0.01
   26.00     0.02
   26.00     0.02
   26.00     0.03
   26.00     0.05
   26.00     0.07
   26.00     0.09
   26.00     0.13
   26.00     0.19
   26.00     0.27
   26.00     0.38
   26.00     0.54
   26.00     0.78
   26.00     1.11
   26.00     1.57
   26.00     2.24
   26.00     3.19
   26.00     4.55
   26.00     6.47
   26.00     9.22
   26.00    13.13
   26.50     0.00
   26.50     0.00
   26.50     0.00
   26.50     0.00
   26.50     0.00
   26.50     0.00
   26.50     0.00
   26.50     0.01
   26.50     0.01
   26.50     0.01
   26.50     0.02
   26.50     0.03
   26.50     0.04
   26.50     0.06
   26.50     0.08
   26.50     0.11
   26.50     0.16
   26.50     0.23
   26.50     0.33
   26.50     0.47
   26.50     0.66
   26.50     0.95
   26.50     1.35
   26.50     1.92
   26.50     2.73
   26.50     3.89
   26.50     5.54
   26.50     7.88
   26.50    11.23
   27.00     0.00
   27.00     0.00
   27.00     0.00
   27.00     0.00
   27.00     0.00
   27.00     0.00
   27.00     0.00
   27.00     0.01
   27.00     0.01
   27.00     0.01
   27.00     0.02
   27.00     0.02
   27.00     0.03
   27.00     0.05
   27.00     0.07
   27.00     0.10
   27.00     0.14
   27.00     0.20
   27.00     0.28
   27.00     0.40
   27.00     0.57
   27.00     0.81
   27.00     1.15
   27.00     1.64
   27.00     2.34
   27.00     3.33
   27.00     4.74
   27.00     6.74
   27.00     9.60
   27.00    13.68
   27.50     0.00
   27.50     0.00
   27.50     0.00
   27.50     0.00
   27.50     0.00
   27.50     0.00
   27.50     0.00
   27.50     0.00
   27.50     0.01
   27.50     0.01
   27.50     0.01
   27.50     0.02
   27.50     0.03
   27.50     0.04
   27.50     0.06
   27.50     0.08
   27.50     0.12
   27.50     0.17
   27.50     0.24
   27.50     0.34
   27.50     0.49
   27.50     0.69
   27.50     0.99
   27.50     1.40
   27.50     2.00
   27.50     2.85
   27.50     4.05
   27.50     5.77
   27.50     8.22
   27.50    11.70
   28.00     0.00
   28.00     0.00
   28.00     0.00
   28.00     0.00
   28.00     0.00
   28.00     0.00
   28.00     0.00
   28.00     0.00
   28.00     0.01
   28.00     0.01
   28.00     0.01
   28.00     0.02
   28.00     0.02
   28.00     0.04
   28.00     0.05
   28.00     0.07
   28.00     0.10
   28.00     0.14
   28.00     0.21
   28.00     0.29
   28.00     0.42
   28.00     0.59
   28.00     0.84
   28.00     1.20
   28.00     1.71
   28.00     2.44
   28.00     3.47
   28.00     4.94
   28.00     7.04
   28.00    10.02
   28.00    14.27
   28.50     0.00
   28.50     0.00
   28.50     0.00
   28.50     0.00
   28.50     0.00
   28.50     0.00
   28.50     0.00
   28.50     0.00
   28.50     0.01
   28.50     0.01
   28.50     0.01
   28.50     0.01
   28.50     0.02
   28.50     0.03
   28.50     0.04
   28.50     0.06
   28.50     0.09
   28.50     0.12
   28.50     0.18
   28.50     0.25
   28.50     0.36
   28.50     0.51
   28.50     0.72
   28.50     1.03
   28.50     1.46
   28.50     2.09
   28.50     2.97
   28.50     4.23
   28.50     6.02
   28.50     8.58
   28.50    12.22
   29.00     0.00
   29.00     0.00
   29.00     0.00
   29.00     0.00
   29.00     0.00
   29.00     0.00
   29.00     0.00
   29.00     0.00
   29.00     0.00
   29.00     0.01
   29.00     0.01
   29.00     0.01
   29.00     0.02
   29.00     0.03
   29.00     0.04
   29.00     0.05
   29.00     0.07
   29.00     0.11
   29.00     0.15
   29.00     0.21
   29.00     0.30
   29.00     0.43
   29.00     0.62
   29.00     0.88
   29.00     1.25
   29.00     1.79
   29.00     2.54
   29.00     3.62
   29.00     5.16
   29.00     7.35
   29.00    10.46
   29.00    14.90
   29.50     0.00
   29.50     0.00
   29.50     0.00
   29.50     0.00
   29.50     0.00
   29.50     0.00
   29.50     0.00
   29.50     0.00
   29.50     0.00
   29.50     0.01
   29.50     0.01
   29.50     0.01
   29.50     0.02
   29.50     0.02
   29.50     0.03
   29.50     0.04
   29.50     0.06
   29.50     0.09
   29.50     0.13
   29.50     0.18
   29.50     0.26
   29.50     0.37
   29.50     0.53
   29.50     0.75
   29.50     1.07
   29.50     1.53
   29.50     2.18
   29.50     3.10
   29.50     4.42
   29.50     6.29
   29.50     8.96
   29.50    12.76
