 0.5 4.990000
 1.0 4.990000
 1.5 4.990000
 2.0 4.990000
 2.5 4.990000
 3.0 4.990000
 3.5 4.990000
 4.0 4.990000
 4.5 4.990000
 5.0 4.990000
 5.5 4.990000
 6.0 4.990000
 6.5 4.990000
 7.0 4.990000
 7.5 4.990000
 8.0 4.990000
 8.5 4.990000
 9.0 4.990000
 9.5 4.990000
10.0 4.990000
10.5 4.990000
11.0 4.990000
11.5 4.990000
12.0 4.990000
12.5 4.990000
13.0 4.990000
13.5 4.990000
14.0 4.990000
14.5 4.990000
15.0 4.990000
15.5 4.990000
16.0 4.990000
16.5 4.990000
17.0 4.990000
17.5 4.990000
18.0 4.990000
18.5 4.990000
19.0 4.990000
19.5 4.990000
20.0 4.990000
20.5 4.990000
21.0 4.990000
21.5 4.990000
22.0 4.990000
22.5 4.990000
23.0 4.990000
23.5 4.990000
24.0 4.990000
24.5 4.990000
25.0 4.990000
25.5 4.990000
26.0 4.990000
26.5 4.990000
27.0 4.990000
27.5 4.990000
28.0 4.990000
28.5 4.990000
29.0 4.990000
29.5 4.990000
30.0 4.990000
