4644163459282588733779402792883817280129944846597083990044133101142016.00  445957326223546102810991582210712414288991143948625287391138209047816271597768129972413219646271105389297664.0000
9766839970974506211701403428768035318514016141072871305960691361001582546958673584347051638038100572455974478694163079630363736399963947820406248400383892130837798666595867163249269932447329034602292269023232.00  445957326207480831176319834918636380670347249418702065169399585541039291419013461248750086485978773110915072.0000
  0.00  445957326193242960071586039080718734457427147124520182625997949453472985203689215736529045524763092417773568.0000
 -0.00  445957326180832424311638951993404715059968807965978486113944703475157332595301014095548504335849465441157120.0000
-1534223739016323545826004916209115170435565850832429497607520020535279043416554089728366097834374228013671946617774529009462268946488915589595136.00  445957326170249289081629816360249083068234261043178129280228444916052353950343235666010055346012490049781760.0000
3942650018016644119049671424728030458713947157307702043660698774649179944907137337003114820687395047599187306606350752370678158415698030418662432779191604684270199107298831780864730824875454958580971495749805629364372024004343949688832.00  445957326155517314530476327577246162669133579982251602563259199331531745507623591425718419433344964489117696.0000
 -0.00  445957326141660581005058619424013687718297625979515093962186034580204463714935348072208297823203022178615296.0000
-20225593400288896538164936259315045841811356812672428747445648641326052980176585191803454123622986493952516379757885681286468581452005995791746627573410107207651003873828514205994070230981023758629890662672733665748177884442644885866797157623405330851998704167026688.00  445957326131458583354365571475543226988647227348160111070798247357338509492613571801380768184439785169879040.0000
-170803720539618430479592705720026952368128.00  445957326124911386763548426435389541070444413188287807536084434972893903197152641953437422943829851331624960.0000
-12691285558288495468596826261551922856525414622609310303564369646092564001238217206864480315056029692775347354305891634462335697276763827093981149357355980421923215756385087744151787990020040130313650919774100890664783885027958021174433322452050705939938142721261994787209216.00  445957326122018926047455941599997869373427154399797029711056000116910624472058179188176669674598622795137024.0000
 -0.00  445957326122781266391239359672922972487857480082788931242701540099348693673824562845800100803520697429131264.0000
