316421597211258797936091048271348908584599552.00  445957326238323772153166206185602508461774224180460520647114168914311149943047691694021146727931736919900160.0000
 -0.00  445957326218461335088304491421612570899411190558135054045605045616428363253707697547195969093764356195221504.0000
  0.00  445957326199345724301230431284514715969115556794726920992455302530498800920471804090015225016164757350121472.0000
72203616875526578797702187215031102107064484455383248843547557645467300894349778479907833221828707824720412965640554896208766059482974803324441171164246954553397860777038364126025796387548308701184.00  445957326183479202192697687130903722059398388473221168438949877091823887693079743641007401091621326786920448.0000
82728320.00  445957326170861833947857501664334349760521714693718950032077366610363643928025895540374089746908662374334464.0000
3942650018016644119049671424728030458713947157307702043660698774649179944907137337003114820687395047599187306606350752370678158415698030418662432779191604684270199107298831780864730824875454958580971495749805629364372024004343949688832.00  445957326155517314530476327577246162669133579982251602563259199331531745507623591425718419433344964489117696.0000
 -0.00  445957326143279063125263705985164383334218152391058995042068643577549895113879985937546662209693504528973824.0000
-917871684930624455443555585731741775535148426556241121194845594262696737803724270589917611606904303278679549019759969043241835860605765257276672292733772019623668656281260703089622955040855283894812521804784575261169947082078371804902371782655867508082129800997054079419560815256925513655905727080413790208.00  445957326137539054262284959063611086630721684783772302167155320428037363288318425805922337718928979001344000.0000
 -0.00  445957326138297353126691329516141033148906206260492677585507827192954170387433290371047038387825985774944256.0000
178299112554795961452258660114511796125581626361081385768390372183888889305063323730610763523136235368539561287285683176631418371189753863657532026305407050410479770033918302470976879337283524535079936096973055289575896580173358164948184932917722501454056927227340818962443814602841450397954645950464.00  445957326145553894533331574639199462298509687721118967650137566562340296054730200292719171789609926981058560.0000
 -0.00  445957326159308678482205694432786374079532129165651172361044538536195740290209155570938737924280802619686912.0000
